PRF Size Measurement Summary
==================================================

Estimated PRF Size: ~174 registers
Knee Point: ICOUNT=174, Cycles=318.60

Reference Values:
  - Intel Haswell:        ~168 INT registers
  - Intel Sapphire Rapids: ~332 INT registers

Statistics by ICOUNT:
--------------------------------------------------
         median      mean        std     min     max
ICOUNT                                              
10       82.835  124.7848  50.472504   81.51  194.92
12       85.620  128.5086  51.874555   84.52  198.26
14       69.345  105.7120  49.325821   68.59  181.30
16       87.675  131.2576  52.394296   86.65  200.53
18       81.725  122.3170  50.850602   80.52  194.05
20       57.215   85.5250  46.314315   56.41  169.58
22       83.110  125.5284  50.854938   82.01  195.08
24       91.690  138.2744  51.598540   90.77  204.18
26       87.270  131.6718  51.158991   86.28  200.73
28       86.870  131.0572  51.044175   85.78  198.78
30       67.070   98.5770  47.116185   65.86  179.51
32       88.940  133.3016  51.337021   87.86  201.37
34       89.825  134.0828  51.088765   88.82  202.24
36       78.490  118.2386  49.753191   77.46  191.91
38       94.115  140.5614  51.278122   93.25  206.53
40       94.885  141.8194  51.889792   94.10  207.48
42       90.650  135.7460  52.315962   89.31  203.29
44       90.530  134.7592  51.400744   89.12  202.59
46       92.070  138.4326  51.475606   90.77  204.13
48      131.340  148.9638  50.592348   98.38  212.83
50       92.230  138.2376  51.274407   90.84  204.08
52       65.295   98.0624  49.017951   63.47  178.24
54      101.815  148.6796  51.344655   98.97  212.53
56      207.120  161.1716  52.058045  106.94  220.62
58      202.335  155.5288  51.353585  102.03  216.10
60      203.170  158.1048  50.830388  103.25  216.29
62      211.205  168.7642  51.546947  111.02  224.64
64      213.765  171.2274  51.074897  113.52  227.03
66      214.010  173.1610  52.803418  113.73  227.13
68      135.860  149.1074  51.884318   97.32  211.12
70      214.570  172.9004  51.848306  114.08  228.15
72      218.005  180.7404  50.732009  117.57  233.29
74      216.820  178.7224  50.732168  116.27  231.24
76      212.330  170.4668  51.704993  112.03  226.02
78      212.945  171.0316  51.747568  112.47  226.22
80      222.755  185.6230  49.628460  122.09  237.08
82      215.145  175.1474  51.570842  114.63  228.45
84       86.625  128.7964  50.581644   85.47  199.16
86      216.810  177.0800  52.014370  116.46  230.65
88      227.210  191.8002  50.626901  126.81  240.70
90      229.630  196.4590  50.207203  129.10  243.21
92      219.520  182.2716  50.931994  119.53  237.71
94      225.305  189.7782  50.922680  125.11  239.13
96      232.165  200.3010  49.323572  131.21  246.11
98      230.780  197.7636  48.406849  130.10  243.98
100     214.540  172.6210  51.649184  114.43  228.24
102     231.260  198.6222  48.656128  130.92  244.11
104     229.185  195.2456  50.103530  128.80  242.66
106     230.505  196.7052  49.982486  129.57  244.19
108     234.240  202.9334  49.864956  133.68  247.61
110     255.225  235.6942  43.422670  154.22  273.18
112     253.185  229.8182  45.528995  151.13  267.85
114     226.240  191.7232  49.314061  125.57  240.77
116     225.275  188.6942  51.241294  121.86  239.50
118     247.225  222.7828  45.151487  145.52  262.34
120     286.345  279.8620  29.240927  183.55  299.86
122     300.395  302.8272   5.712722  297.20  314.68
124     288.125  285.2722  25.598254  185.99  307.56
126     286.195  280.6388  28.709367  184.76  300.68
128     291.555  287.9214  32.643187  189.78  367.40
130     297.825  299.0040   5.554587  274.39  311.75
132     279.230  269.2012  33.712995  178.76  292.15
134     308.285  314.8438  30.458920  208.78  434.88
136     309.820  315.8544  20.521950  279.02  409.62
138     300.250  302.6270   5.425380  289.92  314.30
140     299.120  299.5212  15.457404  198.99  312.63
142     312.820  320.4042  27.976226  264.94  436.05
144     313.180  322.0024  23.895839  312.49  413.46
146     297.265  296.3514  21.240999  196.21  310.33
148     252.685  230.9124  44.544186  152.55  266.21
150     300.385  302.9680   5.253750  298.95  315.96
152     317.095  328.5872  28.760928  315.68  418.74
154     302.075  304.5018  21.905726  203.88  415.00
156     307.125  310.8958  27.364445  205.70  421.96
158     321.580  333.7588  38.170648  220.84  434.03
160     318.775  329.9372  42.583324  217.76  443.25
162     316.930  326.8146  29.290203  293.17  430.05
164     296.605  296.3254  25.290491  195.53  384.33
166     326.135  340.9310  35.133732  310.89  438.83
168     324.995  338.2374  35.483588  291.39  451.13
170     326.930  341.4330  33.711272  325.08  439.75
172     314.180  322.1966  23.202015  301.94  415.59
174     315.485  323.7770  24.987306  314.59  427.69
176     318.305  328.5896  35.359692  219.10  443.27
178     318.095  329.6850  31.650639  282.58  429.40
180     263.945  247.9988  40.054629  163.43  277.27