PRF Size Measurement Summary
==================================================

Estimated PRF Size: ~354 registers
Knee Point: ICOUNT=354, Cycles=4854.46

Reference Values:
  - Intel Haswell:        ~168 INT registers
  - Intel Sapphire Rapids: ~332 INT registers

Statistics by ICOUNT:
--------------------------------------------------
          median       mean         std      min      max
ICOUNT                                                   
10      2112.815  2066.5160   94.792033  1884.82  2230.95
12      2102.595  2062.7644   87.380736  1913.11  2181.46
14      2095.730  2058.0110   98.797748  1902.33  2224.78
16      2107.695  2067.5418   97.331231  1893.89  2204.38
18      2102.555  2068.5388   95.242269  1912.27  2214.15
20      2102.265  2065.6822   88.779277  1922.04  2202.89
22      2102.845  2062.4560   98.645185  1921.57  2280.71
24      2102.920  2066.3460   91.928020  1922.86  2236.01
26      2103.045  2068.3774   87.474907  1922.24  2225.53
28      2106.085  2063.0694   88.857739  1923.01  2210.73
30      2103.980  2068.0054   96.619325  1857.76  2223.32
32      2106.720  2074.2436   87.397632  1923.07  2225.91
34      2104.600  2070.9776   76.721970  1944.88  2204.51
36      2112.895  2071.8992  100.958045  1823.43  2250.65
38      2106.105  2075.6680   84.741559  1924.59  2275.37
40      2086.200  2079.1786   60.706689  1937.53  2240.43
42      2098.745  2080.6784   89.046180  1907.79  2355.24
44      2099.560  2085.9846   75.896292  1930.13  2278.66
46      2112.640  2099.9808   78.783254  1936.48  2294.08
48      2112.590  2116.7452   97.242943  1937.97  2323.14
50      2115.590  2121.8718   78.896310  1941.94  2314.58
52      2117.930  2126.9818   81.755619  1984.35  2341.03
54      2133.665  2129.2082   88.191024  1962.51  2314.25
56      2123.025  2126.5482   71.645104  1972.11  2317.17
58      2122.660  2124.6200   69.948184  1993.49  2313.17
60      2123.725  2126.9222   73.940130  1952.42  2319.53
62      2121.450  2124.2220   77.562499  1991.24  2331.25
64      2116.620  2123.3644   88.640613  1961.84  2341.03
66      2122.215  2121.6810   61.176790  1988.02  2302.36
68      2111.395  2120.6770   69.347571  2008.59  2289.87
70      2112.475  2118.4350   81.033900  1937.30  2299.18
72      2118.960  2116.3470   81.301652  1948.79  2318.45
74      2109.390  2115.2392   69.253229  2006.84  2285.29
76      2127.145  2140.7278   74.468338  1987.62  2295.56
78      2162.255  2184.0864   88.099385  2021.66  2352.54
80      2196.465  2196.4038   91.255126  1974.11  2362.18
82      2111.420  2111.4222   78.939031  1981.23  2312.00
84      2224.825  2223.7688  105.088039  1962.26  2428.52
86      2201.455  2220.1868  105.563314  2021.91  2409.84
88      2235.665  2242.5606   92.819154  2040.82  2420.16
90      2252.180  2243.9530   85.011471  2062.99  2383.48
92      2236.020  2253.0966   87.333699  2076.22  2395.63
94      2225.485  2259.5866   92.977904  2087.59  2500.09
96      2240.630  2267.5998   88.416059  2067.59  2410.96
98      2225.700  2274.3428   93.390036  2099.58  2471.08
100     2237.600  2276.9902   88.115885  2164.57  2472.18
102     2261.070  2282.4804   90.720630  2084.75  2495.71
104     2283.000  2291.4320   88.184503  2176.05  2447.12
106     2242.270  2276.9470   95.940412  2077.14  2478.75
108     2319.960  2301.5630   90.767995  2148.61  2450.36
110     2300.320  2304.8112   91.914351  2157.60  2520.42
112     2314.845  2314.5436   94.688034  2184.65  2513.96
114     2356.825  2321.0200   99.496099  2158.31  2527.18
116     2370.690  2333.4350   86.062474  2199.69  2491.59
118     2339.220  2310.3226  103.424407  2150.45  2493.88
120     2365.155  2321.1428   91.433695  2188.63  2451.62
122     2398.165  2352.5804   98.725991  2189.46  2550.95
124     2393.340  2362.2224   78.486695  2201.74  2470.85
126     2398.325  2372.0464   80.038046  2193.18  2504.26
128     2413.175  2382.3746   90.520999  2205.65  2563.14
130     2420.515  2393.0142   80.437062  2198.58  2516.85
132     2422.170  2398.2578   79.254899  2211.85  2562.08
134     2424.805  2406.0166   62.710571  2203.56  2524.17
136     2426.480  2415.4860   73.595354  2219.47  2590.47
138     2429.205  2417.3370   67.835039  2239.12  2568.60
140     2424.550  2408.1762   74.214515  2215.54  2532.04
142     2426.510  2418.0536   71.648590  2228.73  2569.90
144     2429.655  2426.5164   63.433385  2222.42  2574.35
146     2434.270  2433.5730   81.336619  2254.05  2628.17
148     2425.845  2412.6508   56.046449  2255.09  2513.61
150     2431.440  2424.6358  107.527993  2217.35  2721.61
152     2444.655  2437.4832  109.064530  2183.42  2615.69
154     2495.075  2487.4878  162.054585  2145.75  3134.57
156     2449.200  2429.5670  169.262383  2057.06  2891.32
158     2557.030  2564.3240  105.415208  2411.83  2946.20
160     2638.475  2615.8516  138.261307  2191.14  3156.22
162     2768.395  2779.6196   87.720558  2588.18  2958.45
164     2962.970  2929.4094  194.591140  2229.37  3168.47
166     3348.980  3350.0608   91.259997  3104.53  3483.78
168     3680.190  3164.6470  723.539735  2176.44  3931.03
170     4050.080  4053.6406   80.795511  3890.60  4249.75
172     4254.990  4243.7824   89.213350  4080.49  4421.78
174     4314.945  4328.7526   90.096812  4169.57  4488.92
176     4355.010  4317.1746  267.673608  3051.21  4554.06
178     4357.475  4256.0656  408.605749  2324.86  4557.19
180     4330.155  3968.0764  779.152364  2186.08  4592.99
182     4383.695  4395.1268   92.271296  4211.54  4597.30
184     4410.110  4398.2860   91.374791  4206.06  4554.21
186     4367.715  4050.4848  784.730416  2196.04  4582.73
188     4381.740  4396.1900   71.773244  4273.86  4550.74
190     4386.515  4393.9352   87.761249  4194.67  4533.85
192     4401.905  4397.6798   85.099844  4194.77  4522.26
194     4399.475  4403.1376   86.917950  4195.43  4574.42
196     4407.185  4404.7202   84.434703  4215.20  4573.36
198     4360.920  3937.5308  839.092579  2225.51  4616.23
200     2459.760  2677.2574  626.707269  2220.91  4526.71
202     4254.210  3564.6604  930.691461  2298.79  4561.05
204     4395.475  4417.1452   84.061137  4270.45  4596.05
206     4347.235  4014.0186  545.559877  3026.11  4551.57
208     4402.885  4423.9360   85.912688  4262.86  4633.47
210     4380.585  4346.9196  190.687032  3844.06  4632.41
212     4403.840  4429.2496   81.089659  4302.52  4624.39
214     4399.040  4431.7996   82.102320  4264.71  4587.01
216     4418.450  4433.9882   92.348115  4265.88  4615.85
218     4432.395  4444.8626   90.860630  4257.20  4627.78
220     4439.595  4447.5116   93.749349  4271.18  4641.44
222     4445.790  4455.2926   87.445971  4321.17  4703.11
224     4334.230  4316.3756  189.452086  3503.38  4575.14
226     4395.790  4405.9830  108.073200  4144.78  4636.73
228     4396.600  4434.9052  109.665054  4222.17  4691.45
230     4483.530  4474.8772   96.442780  4324.52  4638.47
232     4483.765  4474.2850   77.771258  4329.60  4600.23
234     4428.160  4419.1046  123.644524  4134.34  4678.44
236     4495.025  4488.3520   80.578053  4341.86  4674.25
238     4465.995  4437.1792  125.947916  4138.03  4644.05
240     4432.495  4418.8498  116.827004  4168.54  4642.63
242     4499.480  4490.5538   75.994552  4324.01  4643.14
244     4515.880  4497.0876   85.391383  4336.45  4667.26
246     4503.860  4504.0018   72.619492  4357.72  4660.22
248     4513.060  4510.6490   75.363601  4379.10  4700.78
250     4533.005  4520.7094   82.776089  4342.39  4683.59
252     4510.085  4505.2922  116.773204  4163.25  4744.96
254     4542.205  4529.6628   83.702822  4375.89  4676.62
256     4536.885  4530.8340   74.670782  4388.16  4694.10
258     4539.555  4536.1504   79.169304  4377.05  4689.07
260     4539.410  4539.5430   77.143960  4371.66  4701.91
262     4431.925  4431.2010  155.298610  4122.26  4704.94
264     4502.885  4479.1844  138.941100  4151.72  4714.13
266     4323.500  4332.4738  107.679921  4113.35  4596.85
268     4590.160  4567.4390   82.401172  4379.69  4729.45
270     4582.460  4572.8700   80.019558  4392.84  4759.29
272     4583.915  4579.5726   95.603111  4395.58  4772.19
274     4595.805  4587.1760   81.895748  4359.51  4757.39
276     4506.090  4488.9028  112.395711  4308.99  4669.61
278     4381.670  4424.8040  102.989761  4290.53  4625.38
280     4529.795  4521.5714  126.561930  4332.76  4784.53
282     4529.455  4508.5310  115.603027  4289.36  4818.63
284     4613.515  4602.9872   79.446479  4337.87  4748.17
286     4466.850  4474.7290  108.313168  4297.96  4738.91
288     4618.880  4633.7848   67.556098  4461.05  4761.99
290     4595.100  4541.7806  163.971971  4145.15  4808.19
292     4603.905  4584.7284  151.762484  4285.70  4817.25
294     4668.495  4667.0736   76.659488  4452.01  4795.92
296     4641.685  4643.7686  120.185591  4185.60  4872.00
298     4643.490  4649.4326  124.297098  4194.66  4866.69
300     4602.945  4565.3838  182.993200  4198.86  4850.52
302     4710.520  4694.3944   78.482330  4547.64  4851.93
304     4689.520  4701.5384   83.109232  4495.42  4843.88
306     4694.690  4707.5916   67.236634  4593.46  4824.81
308     4677.120  4650.6162  151.513235  4160.51  4876.96
310     4429.410  4493.2164  180.053983  4246.14  4903.42
312     4720.430  4726.0818   81.720920  4483.66  4941.21
314     4718.190  4716.4678   99.633335  4245.85  4882.46
316     4662.215  4607.7108  195.319849  4266.50  4933.14
318     4709.455  4649.8300  179.586605  4287.04  4922.90
320     4771.865  4758.4470   90.404164  4583.62  4941.92
322     4758.870  4764.0324   80.811888  4618.31  4945.21
324     4772.730  4770.5028  101.046472  4593.86  4986.24
326     4758.570  4731.4586  135.965131  4284.15  4935.20
328     4383.275  4393.1712   84.401790  4210.09  4543.21
330     4784.760  4733.3512  151.533459  4323.08  4962.43
332     4394.055  4470.3898  178.638839  4239.06  4963.96
334     4480.800  4532.9114  205.470539  4230.14  4998.82
336     4595.315  4598.0276  172.603525  4288.46  4914.85
338     4809.590  4778.5020  125.655458  4370.86  4968.00
340     4832.765  4816.1188   81.414398  4630.20  4971.01
342     4832.530  4817.5976   78.475789  4592.16  4963.90
344     4813.190  4785.0016  106.945280  4473.50  4970.95
346     4856.905  4840.7880  110.916328  4647.13  5325.39
348     4850.375  4832.5104   93.380749  4566.48  5023.65
350     4819.295  4767.5500  148.030341  4425.02  5033.91
352     4863.225  4851.2724   84.053560  4667.47  5005.43
354     4866.735  4858.9920   92.710808  4624.80  5024.33
356     4857.290  4859.1148   81.279541  4666.82  5081.99
358     4865.760  4864.8854   76.990277  4667.17  5048.06
360     4869.095  4872.5560   85.262737  4685.22  5151.13